new1 6520 31080 8873 33433
new2 6278 28004 8631 30357
new3 57098 25856 59451 28209
new4 6731 22271 9084 24624
new5 20218 25366 22571 27719
new6 12070 30443 14423 32796
new7 49526 31258 51879 33611
new8 54308 27429 56661 29782
new9 11739 33438 14092 35791
new10 41303 22230 43656 24583
new11 20203 16405 22556 18758
new12 26568 33182 28921 35535
new13 39947 14895 42300 17248
new14 33608 32457 35961 34810
new15 46378 11682 48731 14035
new16 31694 4969 34047 7322
new17 46339 31514 48692 33867
new18 46943 22939 49296 25292
new19 6817 33470 9170 35823
new20 36897 14713 39250 17066
